111111111111111111111111111111111111111111111
111111111111111111111111111111111111111111111
111111111111111111111111111111111111111111111
111111111111111111111111111111111111111111111
111185555555555555555555555555555555555591111
111140000000000000000000000000000000000031111
111140000000000000000000000000000000000031111
111140000000000000000000000000000000000031111
111140000000000000000000000000000000000031111
111140000000000000000000000000000000000031111
111140000000000000000000000000000000000031111
111140000000000000000000000000000000000031111
111140000000000000000000000000000000000031111
111140000000000000000000000000000000000031111
111140000000000000000000000000000000000031111
111140000000000000000000000000000000000031111
111140000000000000000000000000000000000031111
111140000000000000000000000000000000000031111
111140000000000000000000000000000000000031111
111140000000000000000000000000000000000031111
111140000000000000000000000000000000000031111
111140000000000000000000000000000000000031111
111140000000000000000000000000000000000031111
111140000000000000000000000000000000000031111
111140000000000000000000000000000000000031111
111172222222222222222222222222222222222261111
111111111111111111111111111111111111111111111
111111111111111111111111111111111111111111111
111111111111111111111111111111111111111111111
111111111111111111111111111111111111111111111
