000000000000000000000000000000000000000000000
000000000000000000000000000000000000000000000
000000000000000000000000000000000000000000000
000000000000000000000000000000000000000000000
000000000000000000000000000000000000000000000
000002222222222222222222222222222222222200000
000002000000000000000000000000000000000200000
000002000000000000000000000000000000000200000
000002000000000000000000000000000000000200000
000002000000000000000000000000000000000200000
000002000000000000000000000000000000000200000
000002000000000000000000000000000000000200000
000002000000000000000000000000000000000200000
000002000000000000000000000000000000000200000
000002000000000000000000000000000000000200000
000002000000000000000000000000000000000200000
000002000000000000000000000000000000000200000
000002000000000000000000000000000000000200000
000002000000000000000000000000000000000200000
000002000000000000000000000000000000000200000
000002000000000000000000000000000000000200000
000002000000000000000000000000000000000200000
000002000000000000000000000000000000000200000
000002000000000000000000000000000000000200000
000002222222222222222222222222222222222200000
000000000000000000000000000000000000000000000
000000000000000000000000000000000000000000000
000000000000000000000000000000000000000000000
000000000000000000000000000000000000000000000
000000000000000000000000000000000000000000000